V 54
K 1
D 0 -3048000 2540000 1778000
Y 1
U 2159000 1778000 254000 0 2 3 REFDES=IC?
U 2159000 1524000 254000 0 2 3 DEVICE=74HC595BZX
U 2159000 1270000 254000 0 2 0 PKG_TYPE=74HC595BZX
U 2159000 1016000 254000 0 2 0 Description=74HC595; 74HCT595 - 8-bit serial-in, serial or parallel-out shift register with output latches;\n         3-state@en-us
U 2159000 762000 254000 0 2 0 Datasheet Link=https://assets.nexperia.com/documents/data-sheet/74HC_HCT595.pdf
U 2159000 508000 254000 0 2 0 Height=0.48
U 2159000 254000 254000 0 2 0 Manufacturer_Name=Nexperia
U 2159000 0 254000 0 2 0 Manufacturer_Part_Number=74HC595BZX
U 2159000 -254000 254000 0 2 0 Mouser Part Number=771-74HC595BZX
U 2159000 -508000 254000 0 2 0 Mouser Price/Stock=https://www.mouser.co.uk/ProductDetail/Nexperia/74HC595BZX?qs=ljCeji4nMDlf8kJc%252BqgNqw%3D%3D
U 2159000 -762000 254000 0 2 0 Arrow Part Number=
U 2159000 -1016000 254000 0 2 0 Arrow Price/Stock=
U 0 0 254000 0 1 0 FORWARD_PCB=1
l 5 508000 1270000 2032000 1270000 2032000 -2540000 508000 -2540000 508000 1270000
|GRPHSTL -1 -1 -1 1
P 1 1016000 1778000 1016000 1270000 0 0 0
L 1016000 1193800 228600 1 8 0 1 0 Q1
A 965200 1422400 203200 1 3 3 #=1
A 0 0 9 0 3 0 PINTYPE=BI
P 2 0 0 508000 0 0 2 0
L 584200 0 228600 0 2 0 1 0 Q2
A 355600 50800 203200 0 9 3 #=2
A 0 0 9 0 3 0 PINTYPE=BI
P 3 0 -254000 508000 -254000 0 2 0
L 584200 -254000 228600 0 2 0 1 0 Q3
A 355600 -203200 203200 0 9 3 #=3
A 0 0 9 0 3 0 PINTYPE=BI
P 4 0 -508000 508000 -508000 0 2 0
L 584200 -508000 228600 0 2 0 1 0 Q4
A 355600 -457200 203200 0 9 3 #=4
A 0 0 9 0 3 0 PINTYPE=BI
P 5 0 -762000 508000 -762000 0 2 0
L 584200 -762000 228600 0 2 0 1 0 Q5
A 355600 -711200 203200 0 9 3 #=5
A 0 0 9 0 3 0 PINTYPE=BI
P 6 0 -1016000 508000 -1016000 0 2 0
L 584200 -1016000 228600 0 2 0 1 0 Q6
A 355600 -965200 203200 0 9 3 #=6
A 0 0 9 0 3 0 PINTYPE=BI
P 7 0 -1270000 508000 -1270000 0 2 0
L 584200 -1270000 228600 0 2 0 1 0 Q7
A 355600 -1219200 203200 0 9 3 #=7
A 0 0 9 0 3 0 PINTYPE=BI
P 8 1016000 -3048000 1016000 -2540000 0 1 0
L 1016000 -2463800 228600 1 2 0 1 0 GND_1
A 965200 -2692400 203200 1 9 3 #=8
A 0 0 9 0 3 0 PINTYPE=BI
P 9 1270000 -3048000 1270000 -2540000 0 1 0
L 1270000 -2463800 228600 1 2 0 1 0 Q7S
A 1219200 -2692400 203200 1 9 3 #=9
A 0 0 9 0 3 0 PINTYPE=BI
P 10 2540000 -1270000 2032000 -1270000 0 3 0
L 1955800 -1270000 228600 0 8 0 1 0 ~MR
A 2184400 -1219200 203200 0 3 3 #=10
A 0 0 9 0 3 0 PINTYPE=BI
P 11 2540000 -1016000 2032000 -1016000 0 3 0
L 1955800 -1016000 228600 0 8 0 1 0 SHCP
A 2184400 -965200 203200 0 3 3 #=11
A 0 0 9 0 3 0 PINTYPE=BI
P 12 2540000 -762000 2032000 -762000 0 3 0
L 1955800 -762000 228600 0 8 0 1 0 STCP
A 2184400 -711200 203200 0 3 3 #=12
A 0 0 9 0 3 0 PINTYPE=BI
P 13 2540000 -508000 2032000 -508000 0 3 0
L 1955800 -508000 228600 0 8 0 1 0 ~OE
A 2184400 -457200 203200 0 3 3 #=13
A 0 0 9 0 3 0 PINTYPE=BI
P 14 2540000 -254000 2032000 -254000 0 3 0
L 1955800 -254000 228600 0 8 0 1 0 DS
A 2184400 -203200 203200 0 3 3 #=14
A 0 0 9 0 3 0 PINTYPE=BI
P 15 2540000 0 2032000 0 0 3 0
L 1955800 0 228600 0 8 0 1 0 Q0
A 2184400 50800 203200 0 3 3 #=15
A 0 0 9 0 3 0 PINTYPE=BI
P 16 1524000 1778000 1524000 1270000 0 0 0
L 1524000 1193800 228600 1 8 0 1 0 VCC
A 1473200 1422400 203200 1 3 3 #=16
A 0 0 9 0 3 0 PINTYPE=BI
P 17 1270000 1778000 1270000 1270000 0 0 0
L 1270000 1193800 228600 1 8 0 1 0 GND_2
A 1219200 1422400 203200 1 3 3 #=17
A 0 0 9 0 3 0 PINTYPE=BI
E
